image: cit1f_full.pgm
resolution: 0.100000
origin: [-94.000000, -146.450000, 0.000000]
height: -0.150000
negate: 0
occupied_thresh: 0.65
free_thresh: 0.196

