image: cit3f.pgm
resolution: 0.050000
origin: [-24.200000, -39.100000, 0.000000]
height: 0.000000
negate: 0
occupied_thresh: 0.65
free_thresh: 0.196

